0.7557	0.2281	0.15586	0.15471	0.1547	0.16109	0.12739	0.14335
0.74378	0.27833	0.16303	0.14216	0.13223	0.17908	0.12458	0.13799
0.7409	0.25091	0.16728	0.15815	0.14868	0.16707	0.11976	0.13723	
0.73224	0.23097	0.16936	0.14613	0.14371	0.16887	0.11523	0.1317	
0.73144	0.25232	0.16874	0.15266	0.1392	0.17303	0.11881	0.13966	
0.72911	0.23732	0.15872	0.15528	0.13195	0.17902	0.12094	0.13352	
0.72524	0.26616	0.17069	0.13656	0.15055	0.16867	0.1299	0.14379
0.72113	0.27973	0.1643	0.14411	0.13204	0.16895	0.12301	0.13987
0.7199	0.26779	0.16372	0.13804	0.14056	0.16546	0.12122	0.13104
0.65915	0.22362	0.17094	0.1206	0.13678	0.17068	0.10899	0.13969
0.65476	0.20755	0.15371	0.13923	0.13552	0.16192	0.10796	0.13522
0.65435	0.23175	0.1607	0.134	0.13761	0.165	0.11131	0.13305
0.65383	0.21006	0.15928	0.12955	0.13437	0.1608	0.11594	0.13722
0.649	0.24696	0.15175	0.14132	0.13986	0.15836	0.11953	0.13676
0.64525	0.2176	0.14548	0.13141	0.14362	0.16199	0.11669	0.12979
0.63985	0.24984	0.13923	0.14583	0.13332	0.16815	0.11611	0.13562
0.63945	0.22378	0.15052	0.13072	0.1395	0.16156	0.11221	0.14157
0.63866	0.24583	0.16032	0.13619	0.14454	0.16335	0.12175	0.13013
0.63969	0.19848	0.13967	0.1501	0.13726	0.15942	0.11114	0.12769
0.63601	0.20301	0.13059	0.13624	0.13365	0.17147	0.11153	0.1296
0.63341	0.21267	0.12507	0.15017	0.13234	0.17239	0.11243	0.13088
0.63303	0.2169	0.15614	0.13074	0.14562	0.16944	0.11076	0.12668
0.63081	0.2534	0.15453	0.13511	0.12827	0.16339	0.10925	0.12936	
0.63026	0.22838	0.14968	0.12263	0.13745	0.16913	0.11182	0.1314
0.63012	0.18489	0.15069	0.13565	0.13967	0.15574	0.11694	0.12756
0.62716	0.24847	0.14083	0.14644	0.12596	0.16922	0.12227	0.13057
0.6258	0.20312	0.14007	0.12774	0.12774	0.16223	0.12119	0.1359
0.59651	0.1527	0.12573	0.16935	0.13109	0.16254	0.11023	0.12884
0.59585	0.16801	0.12161	0.15593	0.13886	0.17724	0.11401	0.13236
0.59107	0.1768	0.12974	0.15775	0.12655	0.17657	0.11766	0.13552	
0.59106	0.16276	0.12493	0.16816	0.1261	0.15913	0.11242	0.1225	
0.58964	0.16963	0.13721	0.17359	0.13188	0.16418	0.11257	0.13114	
0.58921	0.19515	0.13816	0.16046	0.13049	0.17993	0.11011	0.13759
0.58549	0.21066	0.12431	0.14306	0.11699	0.16357	0.12468	0.13031
0.58425	0.17945	0.1196	0.1562	0.137	0.16996	0.11467	0.13457
0.58386	0.24012	0.14612	0.12278	0.14166	0.17095	0.11248	0.13388
0.49771	0.17716	0.1154	0.10921	0.12592	0.1614	0.11492	0.13006
0.4976	0.15437	0.12598	0.11538	0.12413	0.16705	0.10656	0.14112
0.49516	0.14475	0.10971	0.13055	0.12924	0.16583	0.11556	0.12718
0.48842	0.15474	0.11329	0.13325	0.12826	0.15826	0.12064	0.12546
0.48668	0.15295	0.111	0.11897	0.12589	0.16169	0.11263	0.12821
0.48644	0.17303	0.12527	0.12977	0.12542	0.15877	0.12227	0.13528
0.48501	0.15383	0.1121	0.12587	0.13185	0.16194	0.12476	0.13107
0.48422	0.17133	0.11847	0.12382	0.13013	0.15795	0.11015	0.12773
0.48163	0.16928	0.11871	0.12261	0.12645	0.16429	0.11859	0.12671
0.67854	0.22976	0.15464	0.17939	0.13158	0.14428	0.1051	0.12154
0.67008	0.26384	0.17326	0.16429	0.10947	0.16584	0.11185	0.12091
0.65998	0.20437	0.13257	0.16685	0.12162	0.1724	0.11943	0.12557
0.64923	0.22569	0.14889	0.18055	0.13315	0.14265	0.10678	0.11557
0.64851	0.22854	0.14177	0.15824	0.13375	0.17444	0.11711	0.12459
0.64103	0.32548	0.18744	0.13053	0.14048	0.14895	0.10206	0.12834
0.64038	0.32152	0.18154	0.13718	0.15908	0.14838	0.10717	0.13622
0.63853	0.27977	0.16641	0.14078	0.14675	0.15808	0.11176	0.12886
0.62966	0.31009	0.18241	0.13428	0.1375	0.15234	0.1	0.12354
0.9	0.29788	0.1904	0.16108	0.14358	0.15992	0.12018	0.127
0.86874	0.29701	0.18691	0.16495	0.14632	0.14877	0.1169	0.12636
0.86561	0.30018	0.1914	0.1633	0.14303	0.16268	0.12125	0.12507
0.86156	0.32864	0.20148	0.18497	0.13756	0.16203	0.12158	0.13075
0.86021	0.30849	0.19929	0.17966	0.13714	0.16386	0.12408	0.13268
0.85837	0.38187	0.18893	0.16082	0.15434	0.14493	0.10045	0.13701
0.85781	0.31088	0.20372	0.1874	0.14614	0.1502	0.11325	0.1349
0.85069	0.34529	0.19014	0.17468	0.14273	0.15499	0.11341	0.13317
0.84418	0.35251	0.1986	0.17765	0.15517	0.1577	0.11762	0.13701
0.70786	0.2319	0.13993	0.14184	0.13266	0.14887	0.11745	0.13671
0.69644	0.22654	0.15001	0.15022	0.13759	0.16145	0.11456	0.12451
0.69128	0.26862	0.1506	0.13995	0.12654	0.15927	0.10652	0.12452
0.6884	0.22367	0.15434	0.15514	0.14198	0.15405	0.11635	0.12645
0.68592	0.23286	0.12923	0.15764	0.12569	0.15864	0.11518	0.13066
0.68496	0.24594	0.16993	0.14384	0.12628	0.15579	0.11548	0.13391
0.6845	0.22787	0.15609	0.13999	0.13234	0.1522	0.1171	0.12979
0.68202	0.2496	0.15431	0.13532	0.13087	0.15811	0.1067	0.12397
0.67888	0.21911	0.14028	0.16365	0.13674	0.16136	0.10575	0.11996
0.76067	0.21935	0.15168	0.16554	0.14553	0.15967	0.11545	0.13909
0.76061	0.25103	0.15455	0.16977	0.15036	0.16779	0.1284	0.14224
0.76042	0.22351	0.14963	0.17073	0.13551	0.17105	0.11886	0.1391
0.75545	0.2457	0.14289	0.16287	0.12928	0.16842	0.12769	0.13402
0.75269	0.24863	0.1751	0.14807	0.13969	0.16781	0.11634	0.13952
0.75103	0.23735	0.1676	0.1615	0.14311	0.16944	0.12232	0.13836
0.75035	0.24078	0.16833	0.15853	0.14357	0.16213	0.12113	0.14087
0.74986	0.24547	0.16595	0.15154	0.14302	0.16982	0.12104	0.14655
0.74851	0.29003	0.17448	0.1354	0.13377	0.17046	0.12993	0.13592
